1|Student 1|1st|80|56|54|90|90
2|Student 2|1st|70|65|75|90|11
3|Student 3|1st|60|56|54|90|93
4|Student 4|1st|50|65|75|90|53
5|Student 5|1st|40|56|54|90|77
6|Student 6|1st|30|65|75|90|34
7|Student 7|1st|40|56|54|90|74
8|Student 8|1st|50|65|75|90|68
9|Student 9|1st|60|56|54|90|44
10|Student 10|1st|70|40|49|20|45
11|Student 11|1st|80|56|54|90|74
12|Student 12|1st|90|65|75|90|76
13|Student 13|1st|100|56|54|90|67
14|Student 14|1st|55|65|75|90|44
15|Student 15|1st|67|56|54|90|87
16|Student 16|1st|55|65|75|90|23
17|Student 17|1st|43|56|54|90|20
18|Student 18|1st|78|65|75|90|56
19|Student 19|1st|88|56|54|90|87
20|Student 20|1st|69|40|49|20|58
21|Student 21|1st|67|56|54|90|90
22|Student 22|1st|12|65|75|90|60
23|Student 23|1st|13|56|54|90|90
24|Student 24|1st|78|65|75|90|60
25|Student 25|1st|46|56|54|90|90
26|Student 26|1st|93|65|75|90|60
27|Student 27|1st|56|56|54|90|90
28|Student 28|1st|26|65|75|90|60
29|Student 29|1st|74|56|54|90|90
30|Student 30|1st|73|40|49|20|51
31|Student 31|1st|89|56|54|90|90
32|Student 32|1st|78|65|75|90|60
33|Student 33|1st|67|56|54|90|90
34|Student 34|1st|44|65|75|90|60
35|Student 35|1st|77|56|54|90|90
36|Student 36|1st|89|65|75|90|60
37|Student 37|1st|45|56|54|90|90
38|Student 38|1st|88|65|75|90|60
39|Student 39|1st|88|56|54|90|90
40|Student 40|1st|37|40|49|20|51
41|Student 41|1st|73|56|54|90|90
42|Student 42|1st|57|65|75|90|60
43|Student 43|1st|83|56|54|90|90
44|Student 44|1st|59|65|75|90|60
45|Student 45|1st|36|56|54|90|90
46|Student 46|1st|67|65|75|90|60
47|Student 47|1st|65|56|54|90|90
48|Student 48|1st|55|65|75|90|60
49|Student 49|1st|68|56|54|90|90
50|Student 50|1st|88|40|49|20|51